10057915
3647031
10652147
3994964
4612300
3774544
334437
9622446
12278174
2044740
6411916
1706998
55838
9534979
7388483
9569046
3946932
5014923
6898973
8072535
5640223
11380869
11706313
6554505
10744251
11002776
9301623
2632225
1345464
12777072
5540637
7070081
3435314
3203994
11065045
3714316
2645240
7066184
347973
10590116
9110924
2426591
12297114
9166762
7628272
2363510
1413720
11575204
7378433
3979395
2325651
8685358
11026967
1043175
10906565
8782428
12045951
7219399
7081355
9058117
7007681
12621992
3139408
6109697
11492688
9871156
9824014
9804630
12604042
10171987
7405956
4392879
8265280
2380983
9226343
2904762
411195
10640064
10146668
7789628
10286161
12472319
12141689
8324338
526704
10059464
4117976
8239357
4290073
11199331
4308684
6964457
6499235
3114795
85364
669835
8652653
9909378
10474465
3934607
2759277
558334
8327486
11024557
11594809
4565040
9596021
12006004
10871806
6753899
2473544
8169177
1904131
1626443
12160218
11086327
11685908
3289404
6336895
11642683
10155438
6312281
5618350
12321375
5093778
5703715
2421
757641
11279795
10476886
4692249
1050283
6701922
8686437
7741542
5307941
262687
4348774
12980647
6801195
6769375
2465402
1981583
8673506
4091845
9808503
2437746
2788963
109117
8774641
1442857
5931257
10753624
2727909
5263843
2858613
8431624
5266264
12271746
6722630
11409852
12630697
3439615
5122985
8328345
11181157
6097628
8591032
2541141
6089486
2403438
4977219
8554888
51723
9317427
12646733
9860226
11755173
11102399
5636045
3207726
8211958
11567303
972561
10939867
12497848
12486666
2049404
4775322
11769622
4438736
11851876
11411530
7878351
3986071
6751085
6070718
5750402
11008819
4278562
11839888
9078959
9255781
3072688
9130682
1251120
11386123
1668820
17504
5166434
2971568
11880722
389602
10205573
12853283
6996172
9714631
12351159
9045576
10156655
6798694
9151014
9019741
5221434
4040575
8672515
11972519
10111293
1434127
5659250
10056557
8940717
1749420
1990250
7680107
6546804
3241371
6077440
3882327
11914367
11243875
6853895
10806299
7300179
4070678
6337495
1307561
9452011
5699864
6019839
6619876
12498558
2182063
11306319
397904
1889340
6990044
8037125
7667336
4090873
707586
4735103
8698292
2457006
6725354
3389609
4670512
5633427
9467050
8552839
225706
3388837
2417944
11032005
10689016
2155324
4380710
7663280
7274037
5747277
9349821
905123
923747
11531885
7878145
1321652
9087927
1879399
5025479
3766473
1636975
5733065
8501577
10335267
3856773
10893633
9391579
8527286
12193762
5869839
4091335
12419468
4925378
2175982
6129385
2625604
12986798
6176798
5955586
7272046
11924075
2316618
3843871
8514524
9515205
11722016
9836176
5614342
9268118
10528358
9380816
10905093
3272633
560305
3918272
2796109
7120640
321061
6990097
6325612
1857602
11081432
1422992
2449682
8924116
7552377
5075287
8922125
740385
11030873
11860873
12664460
9014193
2715954
8190195
5540608
1449181
704283
11154951
6384001
6899343
3213679
12955796
10171977
3773984
3885278
8634788
6561326
12861832
2636095
12886938
10386136
9384229
1321140
12835819
5319556
8873517
589018
9908383
5280605
7286593
4447168
622977
3311997
7163122
4479874
4519307
4279005
850860
11340960
10663006
7750203
1565849
10630012
4933390
1006535
10181993
9234880
7567861
5721737
11870975
3132711
11774575
8266415
4453851
11621604
9252673
8994071
7877324
1838968
9941378
10830620
6286136
10564355
1153827
9115960
2055440
1339836
406176
2906300
12680797
6735884
10656503
1257856
43809
11256596
10919884
10225802
7502686
1165657
11614241
2051574
4298369
10400026
5984691
4418922
4699543
2248574
9079695
12576867
12743034
6032283
10418697
1707082
3607849
7239226
10823042
5663289
8579063
11229218
4236291
8271070
643015
1904004
5195628
686824
171810
11782214
6579328
3341199
12947872
5204779
5392773
4257451
2616015
11377464
4343075
2982260
9292740
433981
2570338
9046984
6466264
8655737
6420768
5740815
11561666
4255020
11404104
7151939
11150941
2651605
11089711
11793956
222312
11952041
8147482
9049614
10745466
1738020
12390813
10704548
2609501
461498
10628701
892218
11838962
1982986
3874479
3809614
2416967
2111519
8523300
4549934
10767256
1955278
10290749
9340132
6210299
8706064
12158773
4372450
7024371
10259694
11833108
2913385
4889648
6991800
11963000
2646324
4396522
11365023
9017574
7006023
11826522
6657485
3564943
6343396
4307173
7439422
10153011
6724141
9550941
5687521
11274075
2996110
7642800
8576034
8002944
9519801
12948800
7172928
903461
2651084
110534
8403271
1231171
5000182
2406281
205381
3313208
2469505
7237107
12330782
5142230
1741541
1666179
8707173
8084937
5973353
11813298
915860
8364196
4042151
2270084
2316183
7038261
5579586
6558919
2052416
2110597
2185632
4892046
11669550
4836716
669282
7084031
6067887
5669465
5157014
1939971
4649375
7626519
9177078
12646860
12768749
6585321
1324249
4153834
10336960
2964304
2978342
11252821
11328500
7020494
534115
9311385
9725457
6113701
2881515
7444575
3891000
5067147
8003323
2571760
5570565
8672606
9655791
7305154
10008773
10479507
9245125
1669358
783938
1100115
9982920
563897
7685436
6973872
384433
5033607
9938176
12018268
11953130
3944589
1716674
8153947
267184
7108833
9934350
11804191
1564619
836560
3882548
5234644
12063812
5119815
918460
8730813
12424970
10927233
1888232
4348007
8263294
2672170
1114825
5257424
11891559
8800261
12231296
12275992
9500570
4847385
6972172
8464910
4458676
8688846
12285559
4725860
2808890
9231119
12196754
40211
5734381
3090512
5274855
4809403
3877030
6193316
9206918
3313210
12787251
11095150
3327919
3728457
778530
4442744
4652584
12670089
8909708
12550582
7623994
1088190
4409177
1607376
5219803
8867853
10296223
4516572
9260416
8771815
758902
8468380
8812026
2159985
7225594
1098091
6969389
6769326
2958109
3187517
5749238
11412063
1293878
9077158
2151730
10727900
9186604
2471016
6075902
5107522
2032809
711106
6195713
2108688
10973974
11415516
10976542
3948109
11598790
2914870
12719924
8024394
7049952
8543160
10184380
9942248
5307954
4164979
3722785
8266063
7352496
9472023
6689336
4313076
1227093
4507769
2052187
10413698
6978785
8128089
11187922
9011594
4505897
4394845
11120283
2491081
11477063
4774737
2105893
10087064
3356309
1837027
5122668
10406261
6046890
10973750
7359719
11354844
2149939
6749206
2298819
5169138
3232440
8988156
9482214
4459533
9162627
7201103
10539933
3152622
10995894
8739066
7830919
2513001
8800613
1629114
670785
7288887
2070553
2776678
53863
5426862
280407
843233
11499825
6327297
11816984
1537456
360053
9633625
8286663
2658873
1813973
7185805
7313731
11296188
11645338
3487568
1175203
9196482
2306892
12171098
613460
5804513
1695309
9414073
3100329
11021586
12369662
5170882
9464966
12423525
6264446
9745374
8933461
4775481
11739373
3428357
1979640
12099427
73192
10266303
10425002
1887166
4463318
4749943
8850056
11775358
3904213
10025259
3649752
6211105
9207567
4263212
7682321
6569579
688496
10782650
269077
69368
11620235
9734044
8159596
4895891
2157330
12759759
5338075
9563405
3199326
7317715
8674042
3272518
261930
1776956
826386
4725248
6526899
5343144
12167308
10431112
2379614
2828271
12308920
7253883
2758185
7002451
9490164
12102173
463013
9759242
7838244
7749950
2171198
3009050
12645842
12984020
11435511
661829
9558635
1646047
3646246
910590
585267
3908176
2687546
1411654
8633424
9214446
6754798
3478644
2323470
4801114
6306915
10299092
7721700
4731803
4312753
12878566
3845186
442469
9649018
11683430
8192419
7486918
10359182
3516173
7482148
8805903
4178002
4051994
6118652
3490950
4962584
6703920
7399126
7650130
8115574
11699252
12531278
10537074
2189107
10521451
11004891
4162724
7831753
5737801
8894527
7811209
5627577
8406416
8253678
10943298
2767758
12112799
1108128
8793643
2640183
8590277
277458
2484887
8308973
6396111
5975838
282767
111241
386174
3599599
3893517
7752129
3142088
10097293
9941236
674749
8113394
1115170
8506502
862405
5676400
3328921
2156685
9749518
7249301
8766685
12517276
6373311
9874813
3988831
4680196
5476300
4266290
7165083
796483
6329103
8807623
9734742
2107046
4860500
345552
6000563
12612629
12143132
11764558
9565075
8484583
6889163
6346947
12657787
3418270
7690049
11653411
1241657
4450777
1580624
10008342
12634756
7953935
6894366
3634797
8300833
12370666
7901087
2477127
8833852
9896892
6951452
5579804
12003938
11811952
1592058
682413
11435791
9401892
12446972
3678778
4897685
6347345
10025726
233385
5432317
393687
11886796
6673975
4844465
9134122
3693527
4490431
4099268
10587893
8125228
8066803
5636472
11693018
6210632
10137026
8601120
173295
11383532
7616269
11985247
8642293
3965384
6098951
5055395
3423566
9777729
5619783
5437613
2481367
5853168
10869931
2875055
417876
4555116
3386222
9551998
3915345
3543355
9317968
10169941
11668583
4395982
11473115
6039513
10606614
8621351
10307336
10779909
2682795
601517
5443069
11325088
4566901
7208722
3391694
7990468
12653153
9011477
439291
2145731
10531347
6975924
687488
10949223
11531040
4073710
3179133
11113088
7617065
12497102
8294239
1963560
12559786
6778564
3669776
5844312
11066617
9643814
12290924
760622
10245331
4745203
12085711
10478934
7620627
11144107
1147314
7284990
7166794
10242098
9430721
4709351
4229232
5784911
11325276
11426975
5525323
1515619
9551273
153598
9679423
4856722
10772651
9250419
7301988
10109129
2105942
5379815
6764153
10063568
1807139
12676186
1819981
904060
10166330
5107310
12048167
6980347
12392300
1892873
4233655
4500934
2268926
8462887
10285845
605412
2567774
2822379
10776524
12119047
11631469
7467157
12642471
5082032
12384279
2622371
2202371
10156923
8002186
4633226
7231701
5476028
4320622
4718384
6380088
10153655
9825694
1106168
4145212
9229204
2999041
8378867
741348
934670
12508456
6693896
1540082
2087441
9516275
7983308
9873190
3825656
2461676
9526872
8907689
10512657
7815945
11110060
3347492
11484834
2754497
10579193
3972072
2741821
10964279
10352160
12895476
3467885
7125030
4051898
8363791
5790774
12430765
4771842
6725444
11950432
11465738
3932228
9704575
3659925
11915537
6588975
7485581
10043915
11782549
3404480
7567782
6609705
10181243
10915274
5105749
8602442
4172379
9077821
11344263
10803360
2107893
11250950
9937947
4899626
10969550
5312948
10690400
10411526
10084790
4427054
5039870
4228440
4025984
1755655
7888365
2952731
8344630
2385157
7856
2805092
1456339
3242340
9414797
7304284
9824316
1531756
2917936
1007905
6276279
9928902
7477967
4050874
3857764
4427124
8950500
1838524
9740073
2318812
7916752
2502775
2412568
12956622
6731216
6438553
10378979
10286283
9391284
1401522
8338142
9399141
4206614
9794482
12641481
632621
4109976
9477008
10819869
2694615
6151615
12762850
12623517
9296285
3824934
3492491
734619
8442137
997717
6141394
10760949
8914470
4310872
184728
8882302
6708790
2289983
6272492
4006283
11681267
3340716
12344426
3758320
7547330
9150118
3411012
3846653
8926796
8554722
10333224
7288113
10373039
10107284
2589542
6680534
9598920
1748735
3081856
718969
2746453
4889952
7146621
11660923
9200824
2998051
7554435
2920824
5288034
9493629
6927108
3980511
12834345
1949446
7738832
3059587
6766266
6816546
6906240
11359764
2382478
4250674
5659088
8422219
10024660
8248630
2113964
6634791
9997366
5195820
3020462
12743819
5752474
10167083
11415952
1964509
176344
1648299
552035
5464378
6808631
3145845
9444890
2320888
5095291
12850424
5380476
11861557
6678180
7953418
10232532
4727360
7870795
11558322
160789
573367
2484864
2274753
7208158
12482230
3137275
10228621
7903961
8889750
7406914
1997825
6520961
3249961
3646125
7072996
8714339
6121458
10218842
5170439
8442346
10980835
5032073
9489524
5520305
7376955
120855
11419539
12104315
3658352
9989071
12265105
4231719
12473935
1551068
11439878
7634078
355046
4346411
11204741
9244796
7420027
213777
2776967
10669988
12515394
5516665
6395538
5648062
11402209
7232679
9757110
9394255
7931455
1924547
1925770
2319620
2045402
9012011
10090638
5703754
6012292
9366953
9935473
1164139
6584723
4053263
4464919
6939769
8399674
2680871
11851267
11486404
11550140
10294936
4834304
11076744
2822812
11229842
12391508
9891723
1140434
9159828
6297188
4738591
11084375
3889660
2724913
8796479
12901671
12815551
1511443
1591875
4860416
11446917
11411507
11445140
11166882
11543128
1062821
6577767
1235209
8580791
742083
12785349
5886937
5576387
6540005
4376451
12472932
5942723
1279385
624576
10769254
3243275
1029869
4531541
7132936
3754782
339231
2712519
12237036
10506166
12959887
4108662
4630995
11382604
11220504
2809088
9936942
12283326
5053557
6838854
3542029
5795640
2302115
5095668
7038729
8842121
9472120
6522871
10451546
6418207
2814149
3898712
9661482
3844018
8430254
12461120
3265503
4436187
10840342
2513749
1953563
10811439
2289113
6584559
4871955
520828
9393647
10475599
8470856
1458414
12981155
7679587
2920756
2294481
12775255
9959485
6803304
9258585
3493567
12921552
11343494
1974418
3831475
8016187
5818437
7928431
3155219
4750642
12364618
1006771
2931093
1329391
7484912
5220206
3580652
8023569
1407736
8641001
5510379
5545294
10099415
1169446
236091
8686873
3463927
22557
5657569
5933933
9281142
4817838
5866696
3302549
6792256
5364873
11318736
8277395
304514
10140657
39247
8335834
11147429
2970340
5331927
1310253
3857249
8912580
9333823
5264985
4564791
10510904
10810280
10330909
11680350
11046371
1695694
10810980
6735630
7353263
3756123
11683475
7837803
5289521
1997234
1641270
10654394
327180
9918665
6625610
6134539
5624615
10628146
12948670
8594955
2971284
1270134
12452204
7550566
10603957
395102
7782059
8126071
6872084
790880
2484333
596367
2486575
306523
7331998
5506540
4062647
6026683
355554
5018870
8023917
1996824
11339967
4017799
7582191
4976787
10152338
218016
11271636
10112219
4479674
1254130
7049055
12598580
4471398
330924
4892
7920159
4123697
6876976
8711040
6608030
7473344
6864317
6914554
1816552
12370857
6643903
3509937
12726411
11662773
11533854
10389937
10013950
11218355
4983339
10657440
8381903
5201355
8940286
1172034
5347731
5861118
8221089
4957522
10332516
4218715
4962414
5263885
8342412
7506093
9641627
1961653
10646139
3517154
4542909
8129393
2899222
11186812
11639330
11292335
9860795
5851096
8693483
6885956
4080661
688032
4554606
8129266
1556089
506102
9301301
6903821
2033922
200302
7528045
12366438
4419018
12490459
308235
8428132
2674464
9949863
10389785
8987305
9133719
1943904
4127908
7699643
8797418
11433940
6003189
5669424
4296246
1707882
12555380
8376907
2395914
12776688
3517384
12607495
8949492
8485387
2189228
10983414
4352391
9717273
6027764
4438111
9218943
6335999
12866244
7560109
11952564
5933941
3558625
3764196
3544548
3353235
11463839
12341966
1798386
4478238
689302
6094632
6186120
255892
10138242
4248736
8699282
9322328
3867442
4659984
485627
6056670
11310100
4838018
2785154
4349074
9276130
7670799
6351776
4820286
10897610
5315550
6420929
10122937
4746448
9965477
487383
3221498
4985356
2285769
7699736
5674658
4047103
9552559
1597253
1196555
9467997
10296535
10518883
9002141
10623222
11004510
10725514
8944532
11509231
521878
8960309
7796571
3859379
2323295
8283559
10423691
3305547
1715698
7557839
8051996
7347878
8045222
11273494
12333234
5997693
1651142
5019102
10044796
6870403
6616355
11241352
3349611
12579593
4438147
12351752
10214025
11109360
10088476
1836469
9629801
6277056
10796778
104284
5803137
8786775
8387843
3238039
12092323
5770243
6462580
7155529
129331
10174504
1106935
12462565
3183407
11413569
159580
239413
5295183
6775935
7147467
8644794
2033440
11585615
3674458
12247465
5372887
774145
9750637
2013898
7051201
7558625
2118182
8521041
3356611
6172727
11759080
11115636
11942970
899572
949077
12072302
11074076
2056012
7212779
1268693
9136283
7372359
10163598
1442676
9814997
12977768
5754172
11848437
7241295
9428631
6773815
12614182
5869478
3535662
1639290
12920679
11094287
12412964
4119632
10117600
5596901
2889922
8244446
4551081
12444986
4860225
12290085
10530272
6916237
6514075
7465667
3063731
9553136
307178
173109
6379343
296156
1593984
905693
3204153
11022615
7679508
2829545
3903303
11215170
135537
12490684
4987369
12548501
3621527
10771672
5156612
2178151
1694030
5374395
1634348
6554256
4675691
7831322
481703
6856468
2308200
12200926
3420814
2615378
8040738
5466860
11567026
9634722
6372553
1782389
3335249
9718763
278636
2905254
7945143
414173
2407148
8599214
12962674
1695377
6382096
797198
3873529
8076127
6171593
1174579
1641593
6513986
9005901
10778788
381664
6980803
5657627
12457971
9596181
9365067
602743
3841119
6010999
2641998
1290210
5012950
12360761
1568846
7918204
2983816
1983019
5992054
11583030
10612395
7687432
643039
11409593
7227663
4385868
259099
8402242
6027461
6773085
86055
12472951
2821452
7066859
808490
10946125
12329742
10173557
11548868
11837564
11851258
1202076
138984
12530910
9229539
1707831
7460324
12213355
12346342
463589
6474297
9969948
3817723
7117336
4057453
11045386
7169906
4316552
2125540
8864069
6756340
10867087
8348231
5244494
611858
4823423
3201829
12941601
2008191
10417399
11790375
9526151
11619475
7596061
9068272
3526926
9303892
12195298
2751491
8661445
8325589
4892490
1309305
12143312
7676529
5366758
5866610
1857645
5350013
3658852
10721715
12106353
1537150
1747858
28759
2149008
6571281
3230588
10757311
4246174
9314689
5225598
9439028
7945374
12821660
5518510
7139002
4803464
391720
9890493
9131611
8717310
10449685
10440916
7871832
5137424
2818885
9405145
6995070
8168898
75207
394697
2953163
10267849
2142555
2981922
8083560
8713836
1879212
1518783
8626713
11193901
6744382
5076951
1817187
2243954
6262163
8956189
7047418
6653883
1524594
3190240
2382403
11974279
642366
5920938
4122914
12116743
10992785
6784686
7296851
11067992
7179383
5916716
4013754
9321938
4565340
7764016
713686
6444552
9282799
9340399
316365
3038391
10084052
10789044
949047
3357425
2423145
7996466
10011309
3947739
6853408
8060414
11588721
3162476
9648054
11378337
2290430
7652049
840935
5253983
1397954
8020318
11170700
5411708
20168
2747250
186934
733854
4858505
5136435
5740956
841572
8174827
2836218
11630617
9123874
1860346
1064972
12787042
11871655
679414
6651660
2609981
7934837
5480839
12258036
1991086
7771269
6921295
2832021
36462
3985951
10852339
6873864
5064361
10872507
5287817
917997
7273063
5813024
6054433
8680721
6654596
1240470
11516940
963125
6031046
9043988
10683590
1496001
3593555
11363004
8147661
6203536
1975753
639710
1139484
3966839
4077681
3727482
6798860
12769636
7713433
329111
2321412
12777795
11201618
7609229
707002
1152593
433463
6761435
9833315
2754762
3668607
4028167
3717887
9699654
83365
1412687
11195655
12332412
8442393
2021228
5547158
10418146
11316431
6686643
10051687
11060814
6080827
3861757
10841660
805470
12846360
174283
594475
6725890
3450214
9956970
7878484
12539170
12385107
389711
2305142
3064925
84580
6023029
8431281
8823437
7435717
2304848
8167059
11544812
12981568
9380919
8974169
6975911
3078772
1703768
5047936
4826301
1232228
11556298
5631772
1089798
7397283
1892949
7815689
10847498
11849919
11360875
6064580
6912939
11750586
8369722
9977864
11835166
10059453
1087057
3336515
173082
3391905
11503574
11717895
3384683
7895703
3369976
10360595
6641178
5073744
11075233
11467479
6305972
9642741
4110461
7395771
4051235
1670113
10878162
10565435
9186734
9250247
3641225
3110883
8012043
7677649
99957
2525121
4748312
1187014
5861636
4921395
245621
43122
12305992
12285797
3605527
2687178
9657602
10246705
3427624
3410747
4392097
9733597
64698
8502558
12796070
12771425
5839373
10685442
10348070
2037318
6946899
9655997
5148201
10625644
4344856
914861
8817467
9093169
10757367
10345805
9681266
11002989
10388927
4665170
10299996
1005664
7352348
2635510
6919072
10779972
6046257
11311169
3191481
1777657
2491639
2998761
1560293
8331013
9350905
7575065
6035033
3309014
4242273
6849936
9601360
8587129
7764797
5430037
358210
1200077
11442544
10039476
12203066
4509383
10371348
5180974
1181750
4734906
3483186
8100822
11181581
5196145
6423201
1384272
6973802
4581542
49736
4200797
8579257
9400641
11775863
1625500
12709656
3029346
8475437
4988928
7283177
11906936
6085668
7641388
118223
4539422
358776
7987991
9048806
10730125
8835667
10230556
2476241
12318853
1009290
9324524
192910
7432491
10708797
2833415
7680735
6425235
7034212
3271203
2837086
1487987
4896703
11213444
184035
9038842
3213583
7467213
7956989
9299251
2119811
8075212
9505375
11134079
11729906
5565391
8875414
7576783
11462649
7018358
2573549
12471939
3354092
2766459
2582342
9729591
5599874
10263078
3166036
8300789
545491
1669825
5455478
1108896
12883269
5639514
10147739
11763554
8773429
5115938
3740717
6559942
8857852
257303
4705231
7598968
1489396
591856
10842454
12952046
3276916
427213
8101897
6631008
11849164
10684240
12027302
126951
3625230
10860040
4094442
12826213
12529865
9549920
946319
8091047
10856136
6760760
6865811
6640775
7543400
10606529
8867419
3412463
6530534
583861
6678133
8019930
9831209
4531797
3649888
119335
625712
7418488
6750343
12474877
5113938
1455557
8268530
4405870
12315598
12362972
4243293
11856673
4590804
856314
6958930
2458151
7617075
9491444
4765628
2171685
7109183
644258
1250850
9306419
9883611
7928984
4261
6726030
8127483
12309642
6845365
8753196
6739340
9262410
3905985
7519980
10717968
12174515
11925850
10044776
7215399
11835845
4579361
11806203
12692159
7204994
9931056
7320444
3707648
1707895
5158832
6483533
11007645
6409682
2801162
7902466
10005368
2805423
1639706
5144062
2126275
8485071
9563960
4532317
4758691
9136647
12052297
11143361
3989074
10989357
8199347
11204473
9836412
12778709
5688588
9539782
6994913
2630855
12526928
6369263
4338750
363672
12852796
11013097
6773355
2665168
5926773
3789933
1137293
7566479
4600697
3263569
11718252
9831359
3462588
12143645
5979216
2526096
10298217
5634992
9182155
5508774
12506167
6029778
965395
5205966
11236262
3627010
7836821
6441102
9996273
7842273
6804775
9860279
5866580
9244832
8192149
7460055
8701467
9329443
2037744
313375
8259714
9422698
5811436
11722302
8577553
7457355
1259608
5886980
103557
10441764
7062457
12609725
12138244
8027852
493603
6052418
7321565
3997126
12493520
4329048
7506101
1976207
9856030
9039383
11221039
5059389
3510648
6933717
1400042
1215094
2913794
5326458
10637792
8725230
4059971
1893257
3193795
986281
7780238
3297353
7094747
10509397
11573780
6244201
1215161
7734085
12296619
8536726
11731211
7468052
8532477
6248522
9444259
5399717
10954607
7676509
6125808
1476465
10276928
3192553
11347051
201932
8519011
8996053
8927162
8245684
6556012
7787660
4898668
10002952
11085013
11993415
7523559
5336705
915529
8738721
82000
223358
12942149
7479913
3358112
4152538
9395137
12802372
5218957
7360954
3156793
11344766
4504121
9100423
10204021
2862382
9302355
1400944
7525137
907429
9646629
1092359
8695089
1556507
11095312
2458014
9216624
5630081
3461421
10132153
10035504
12198913
6022214
5655566
6690036
9380326
9808104
11751875
4860610
2038272
6124039
3684105
9049740
6294862
12784528
6264971
9157244
4764795
7665915
3693591
5672225
4323754
4785951
10034016
1546963
2892473
12492031
6430290
4189256
11620154
3573653
9891463
10830278
9595867
2558239
4531524
5987404
12366343
3294610
6514716
10071317
5085351
10198822
6132267
11380214
9994560
12397238
3215370
10426058
7074364
6908962
11764985
7064820
7361615
8810211
4278486
5920790
3980154
10708776
10110046
2611519
9949131
7012719
453007
6556209
5237660
651233
8210315
4615214
12601335
1736241
10353233
4697897
7601765
3496711
11744813
274238
2905159
1971393
10700296
5646225
4547057
9476491
8377748
11908672
964614
12656234
4840672
611471
6042922
10617421
3222990
3003263
308052
12331489
5226174
5545713
8649424
9103191
5827629
8261970
6506135
3192072
8626569
1119110
6688783
3049294
1393348
5260645
5020687
7760346
6573572
5234447
12903539
1962530
4154329
879364
10285466
4661704
1490835
3339598
10945827
380527
2009564
11253879
8378718
2902440
12466294
4039352
12005632
971835
12301322
1189679
12819400
3605803
2308789
2186095
6655097
12357630
3113442
7342487
7129186
9687015
12576934
2710638
11649545
12397965
12245494
8946222
12726371
9403031
7952522
10683408
9783558
5628788
4615200
840188
4197931
12748196
4879540
3214773
731242
12847565
4404452
9217344
3464578
2379943
11403439
5786378
1748783
1528092
140075
4544672
11215107
12717009
2922012
5542564
7792886
2178716
10155488
7530468
11581747
5119221
5225086
4043217
6414711
5506988
4883405
10612642
5266395
9762945
9494117
1664339
5288422
9565271
10881683
8753001
11945215
9296332
1550589
9360700
6491126
10346156
9572074
384145
5741077
12494086
5926710
545173
10339504
3093408
8075641
8932461
3879331
8967430
8642380
5960745
1485628
536995
3584597
6752023
5966643
8745417
4083064
6921767
5321898
1975957
2685978
12933815
6938992
12892059
9305726
441328
5916127
1555712
825474
11657204
9716501
2418886
7869080
7067215
1178996
2955931
11666379
725030
7590063
2986671
6685775
4742394
12179159
5937074
7161119
5157012
10349193
11244184
12078779
2682302
231351
10431460
11282819
7170343
6001431
3266457
3278374
11917559
4822170
12759340
6252675
10205373
2189436
1132965
4283798
12023924
12744389
11616879
12748954
7345662
10270253
2112641
7754758
9460622
3716418
1927088
1628844
9732313
182482
9374325
12414615
413833
2483697
6375347
3250879
8485129
9641804
6529253
3080600
1475184
6299803
4999977
11680557
4155941
6132943
11631058
11846567
1555244
5925849
7273434
4567608
3207312
5052777
12322367
12667934
8769195
1260665
9963480
1179421
1443147
2015718
605246
10512472
4499415
2647295
774561
8651246
12289100
2970516
7398548
775494
4937021
12398526
8122754
4759664
1209381
2431724
3617442
2764625
4024275
10890876
7332233
7231588
2954863
2332512
2577434
7390761
3593177
12540915
8570182
703026
10223335
4842130
11215499
1733960
7489426
11990060
10385207
6789736
10627279
461667
3231932
2575510
12860193
11354686
7335175
1080784
9453112
10952617
12500901
488598
4521405
2511047
3386888
7476268
4843559
5964322
1878239
8436737
1183149
10448421
9139763
11406484
10957254
3033174
151655
5457890
10689937
6203564
12247626
8328426
6665231
2490768
6570638
2203337
9512157
917023
11939613
1643181
7536342
11451725
2131779
12057747
973982
5518667
2211928
1484243
11482990
12745659
9920980
8332841
5871993
1738656
6750536
3840457
4771830
2568893
9298347
2472977
8772457
4223885
6468105
11104390
2381355
49954
8974429
7560214
966977
7925253
9203396
4170022
6388188
11335175
11894471
3028872
3865053
1117609
4513115
11014745
9529971
10100798
6358796
2413174
7506156
8776034
6253631
12277986
11344927
11218680
10417666
2795296
2453775
3896981
9566389
4835130
3946935
5552028
8062047
580615
488491
4276653
4750637
2543381
2623038
12311810
1238955
2154793
440630
1418773
8836240
9970601
11519571
2206247
8050477
1703639
6648983
1315318
992835
5005121
8200700
7077203
7800417
10654475
10974185
4378016
11156307
10587822
5596747
6229564
11168437
6085238
10506217
11585776
4295322
8795958
10908797
5534277
6617453
7016129
6953050
2464904
12653432
1150533
337853
7715119
2854172
6986836
4697139
12502500
11991957
12897839
2257615
2470287
6230226
8898502
2515005
64445
6497535
8111752
6294010
343884
1208201
12466929
7596363
1170225
3940799
1183072
6704502
10558253
8199201
9324255
8689859
3530545
10474788
9027712
6912366
8995663
11681250
7276207
4176075
10684418
2851958
6433690
8821407
9082184
10998895
11336412
9146629
4507640
6459375
11107341
518226
3334278
6252183
8114589
4504503
10192982
9297661
6875707
3429147
174774
3211172
7785708
12360811
9352663
3824630
6284387
1026238
2517091
571804
869015
8868211
3423762
2969407
4700828
8172648
979512
11703942
12985980
1153854
841229
11104531
1672081
4175507
34626
5453372
4346712
5894311
10417736
11222420
9323458
6259212
10100294
4120377
5631234
6464167
3611709
11915621
3157107
1795502
8154128
4026122
6330415
7244592
6995530
11031243
2428451
7975042
5413098
11081133
4795599
6254327
9196874
2134382
6096537
9231501
7587754
6109951
2137022
683402
4343581
7127182
6942615
10110578
6914261
12573849
12241447
10525971
7167382
2409765
7988175
10988212
2102589
1329801
5244015
9098119
8027746
3339168
12739864
452054
1431511
213375
2373084
6295087
2347757
8469621
11193290
5602213
1590782
8997014
6285616
1601066
3135407
8894933
7378346
5716370
8479992
6631003
11909043
11314076
9040768
6908429
9313499
6810060
8238230
10224216
2919389
11932678
9230086
11325955
12384733
6328299
11539330
10424519
8290088
898297
1572052
6494589
6500511
3162834
11158305
8452829
430602
1304922
4358972
7808948
2687995
8505666
10106654
1608248
2497654
6158632
8516677
7477855
12968692
12421609
379983
11554784
11365498
9610069
5558651
6428143
11605070
4109192
3863872
2573071
674191
5435924
4734362
2841404
4265460
2903877
11294233
4696063
12864292
11319907
8171713
2563497
2503485
5289577
4171745
5001140
7114912
12688423
12478995
2761516
7787944
12858979
9983002
6164652
5146960
2552864
12592795
12418733
2328758
12123369
2003014
3002949
4570503
6737376
1511056
8835964
5307955
12805289
9198729
5183457
6803109
48354
7746954
9306594
1004634
11918700
1318944
3786248
7285035
9464642
6547764
10739681
9334831
12197469
3915544
10148493
1761543
12175041
9578436
12745793
11309621
7248152
11415444
11546826
996738
12926500
7394000
6304694
8409702
12259431
7154853
2224021
12307786
1913018
7197317
8979122
9498420
8516262
12765370
3794665
4992114
1991046
1545556
9993647
1199725
1127802
7153350
11616760
8969546
12398489
11373763
7290377
6657851
5467120
5848413
3321292
5404830
8909116
5292688
825742
3846459
12447541
11705255
11820947
10027261
1580485
7811279
6536891
10096747
7587859
5998258
10755563
9578906
7543815
3427122
6445333
4338319
6247174
5073304
319075
5656873
12113769
3276154
7981427
4592099
4791270
6969421
5663632
711596
12262109
2156076
224757
7387562
872542
12045705
4426034
2453027
6868194
10962925
8216476
1467264
3972394
1649951
6712872
7182911
743775
169415
11521230
6990949
909421
7507008
8314525
34401
10783162
11962654
293202
2585642
5943285
5956834
11952730
883306
8112911
12177488
8270868
4652155
11234403
8363604
2771884
780509
6337740
6655062
10903265
5976836
8305013
4627347
8826449
4715490
463465
3025591
11706439
10028378
10532599
2698876
10062779
3993674
1672740
6022684
2246018
7616025
11979518
9865451
8499331
2770341
9054149
12436902
7422496
2966464
7811716
10194380
3746973
9816158
12516144
10316941
2804204
7832367
10610990
11630653
12547857
11074455
1667455
6932209
8114044
7866756
9631085
854735
11860430
6970528
6877419
1117659
1597763
1534850
6649812
5763797
4305191
2715171
5211909
7394390
1348337
8690327
266682
762012
5517696
12782827
11078953
8321900
3293106
8701154
2630466
11507666
2453521
12953413
5451085
6234267
7831379
10748872
7089003
2369722
4730610
9633124
12142873
1995076
6834676
5803895
7758873
6806570
4185768
8637484
9867662
1200807
4339021
10134344
1962819
9856717
5595083
8708475
856530
4554892
87541
12142488
3073768
2541062
12107111
4191555
8775330
2616402
10607129
11531035
652826
2348950
3842071
8462401
10728
10676748
1277506
3436303
161230
1129976
12073787
10028892
2330783
12079510
7174446
4293603
4614140
8436232
8668780
1137372
2334
8756321
291070
3076102
11297383
8064883
2934359
2750625
10681285
552698
9948362
7000814
11557140
801644
2474425
11567868
7145094
3751932
2015381
7306324
548610
9755870
4346426
2879394
8846591
7187574
2839699
9127433
2635016
11508479
10264805
11292842
7276010
10555875
1380154
1251305
1298670
12970005
12657423
7646657
533914
9616995
1658681
12091054
10418639
4133107
10670133
4574943
3551741
8352216
11881267
4100351
5119297
11894395
2646447
9632590
6093180
5486146
5771233
4394898
12661327
11702740
2698951
6948547
4936527
12734597
3866555
6235197
12715813
3535188
893064
260937
163393
2551746
8018693
6248735
2351555
1366738
6490380
5903296
9718955
1049560
5670349
10504954
12943955
8316797
7148754
6048345
9469645
8586689
10443244
9142183
2967341
8808897
11757432
7903868
8554704
2635197
9805767
8281727
1837087
10698831
4209366
10655973
8917279
12228060
3915918
6935536
606008
6073000
12838832
5991665
7122560
1187094
3507829
7077726
9503891
10656583
137281
5984746
1921184
6247227
10793631
4888525
2067334
9562274
8459095
10622039
12197471
5276072
1581678
1045769
11641606
1457747
7368444
3236797
697017
11284362
10172334
9958517
4368572
5689078
2961393
11491133
6876172
6469222
1246771
12046765
12792508
1384052
709424
10380394
3297982
11503055
2280130
1032018
8076539
10739225
7320759
7285221
3026508
8902438
3997692
10334816
10360185
7032838
582823
6723904
5328410
10755157
3693631
5363684
3455446
2321726
12521519
5998320
4457651
9434992
5056296
12916861
10819045
5765720
10308465
9783729
12935477
12588595
10815747
8023227
6005733
5147717
10975150
4698943
9716857
10639544
2044969
7088252
4683592
2627792
9478858
5678704
394160
183699
6709090
12505098
11160918
6241820
5514628
11285271
2688022
10570924
11213342
9173769
12003346
8533017
1635410
11950034
3799525
12451158
2651173
5471960
276787
637533
10170903
9993644
11277077
12215872
12748598
2971879
10510366
9238666
4317285
10904526
5089067
11026375
6087536
3261195
12934897
11602165
10213168
11289622
4851001
8437720
3141303
12521050
12637440
4776714
11482294
3448175
12894574
9800169
8920135
182571
10437702
1768950
5842917
4392691
996032
5602725
3031272
11506398
10508093
7348557
5088837
2608370
5386142
6843075
1536268
5332250
5456450
11749436
12288574
5974154
2865069
2441087
5506414
2513719
7217801
12655410
1628596
2790287
9466789
10548731
11628350
2582403
7984383
4482477
6975094
8980415
5751904
10006366
3164725
3271207
4366133
3920264
1546280
5418977
10763340
3082548
6417929
11886492
10498686
5717713
4871856
374965
8158801
6044972
11544176
11043304
1378294
183982
844802
10845083
6399415
12473152
438696
1395008
12622332
3080492
6042125
5385446
98068
9206851
4323356
130903
8793817
5869636
1216583
6568367
4618886
7634512
1132772
10784274
9018928
6004628
11159240
4188939
7716303
5381328
10898945
9094597
5565311
11743747
2617593
11964726
6894812
11711781
9026437
6528354
1803484
2079772
7580502
10557044
6953325
11903858
6354650
2758353
4784704
7571233
4993422
5070292
10872447
6126194
2865777
6902585
7797525
9691719
6758226
2525038
2084257
4668382
7286337
7649568
12078831
9903930
2292207
1651555
4293624
11318644
8179909
6097108
409626
11427114
12320854
3029654
10342182
5686714
5788007
10793589
8924649
6448131
11530583
6808307
12574326
1407570
722102
7383061
11099289
7480329
5574801
194757
7815413
8527840
3511027
6905454
5442981
5803234
8557010
9736605
12788580
12403621
11500415
8864909
10841945
10832479
11894563
3862040
12185896
360482
10322331
8121755
6808613
8864124
10596764
6394149
5938397
11318867
9443912
4048896
1477108
10685415
12899145
4959223
6224466
12076875
11864677
7334149
4891319
3099599
12737456
357812
11169923
11249081
9222721
4689780
4759472
3795196
4218522
12612070
4155678
1552063
7745036
6630993
6082890
1019712
8691845
12021287
8005281
5146967
11736885
9482389
11499085
11647241
10108314
4734761
10735326
4650904
12068910
11293347
7750503
11817576
7317861
1598338
5744569
3551792
6288119
6170743
3013690
10506641
5794024
7169368
12058705
9205762
811572
819507
10225474
9503417
12840794
5241966
10317086
11588889
10391057
8827381
5914042
7510582
9228844
12316070
12161486
3975666
6287330
2589901
11459944
616401
4188240
4215723
12823686
10476359
6053169
2848586
3660912
11847193
5684657
11386319
8064165
2162931
12205826
967551
7333050
12057830
6209517
328048
6324632
12267277
4822132
12238674
2455771
1062186
7232657
1628467
704555
531197
12873860
12164499
9803090
4073310
12046925
5304688
10216371
5111304
3819977
888494
3969707
5171336
12274813
7700574
7334267
11491850
8668125
10334019
6227592
10544345
10662067
8218926
5489534
2495409
7468811
7945305
12213088
10368170
5240474
12917643
6566069
5125544
12093352
3380369
4865557
6818189
4351760
2093138
11929493
8171737
11637124
2910410
354283
6589850
6277686
3355252
759612
1957022
700481
6987204
8168069
7029250
2217341
668813
9524660
5352854
4280820
4415660
2732234
9521294
4344513
4965005
10313540
12104567
8345374
2190307
5933967
8363836
12938938
541372
3546783
11587272
12107275
12556558
5188332
5396171
2923020
5947944
3019895
3623501
8601851
11187964
10652752
10819192
7523479
2855324
11838748
11804299
2937686
10237684
4003505
7282199
2213899
1328256
2064678
6225975
3518563
3665347
1601022
3468711
4206720
814507
2067194
3325205
382276
2922228
4388078
11960788
8870173
7407974
11250992
149936
1273850
8914954
6635830
8797330
7436980
5485788
3279541
10374666
11390174
7283047
334777
9270775
8611303
11054947
2507960
12129866
10386997
12764474
11265280
10260419
9245684
343684
596834
5294662
11921404
651614
4266660
3469489
8059588
2528862
3619425
9333439
7110518
10255255
5141979
1558708
2752253
4088222
7600076
9809129
11371269
3601555
6091114
6993782
1667713
4265777
1801561
12054710
4041461
78051
9326339
8953847
9077227
5589875
1259719
8009841
6241489
5526380
11479331
9967780
8055242
2109966
6312429
10832463
8031924
7121110
12391171
6450879
11209332
2669160
3271219
9591812
6270715
9362333
12252296
7938428
639320
1065067
2671050
347484
9798610
7664091
4968033
5887047
265176
6227753
9563591
2173368
7420835
8054132
12141148
11142779
5830800
1131489
8986452
9529426
8252599
4055536
2991516
2139843
2391398
6262735
7398357
8662113
11291770
6661864
12267244
7597793
3393633
10604996
3611979
203454
5280298
8580012
1757203
5545474
10474467
11320794
3385544
4906512
2052838
2537902
11715994
3550341
3669391
3380358
90977
7588692
7435894
11737985
9728536
9827292
5011930
4138103
1167318
11970403
10799967
9101264
6579406
9860303
6717470
10191385
5730459
11997768
1449309
7487662
221155
11923777
1486369
3606699
12496991
12194699
1811304
6890897
11411742
1147397
10271256
11502720
8736090
385062
5918617
5475836
5879057
10930548
9613939
7046375
5578863
3091819
3158849
12158269
8618824
9876319
5027566
1360493
4552000
6476875
4514857
4773155
1078564
1667928
4046556
9242258
873838
5857860
3144365
12285580
7005258
426831
6466212
2752558
9467386
12384830
3895096
2357653
5993290
9175737
9404028
11572153
7934258
8229579
6408334
3564292
783810
11435900
591487
5335810
590687
5106345
5775667
10324744
6774273
9822224
6578212
3314813
11346786
5389279
2611604
5363254
1482813
4744518
3782514
10950199
4140558
3344312
319062
5800550
12520050
5389792
4383913
7465518
630581
6458949
6696513
1414391
4906059
7288000
2416904
1163449
12394345
8192571
11488193
1846531
692707
744317
5161344
12039494
6133596
3439650
80660
7616409
8184169
3863175
5577818
7991429
7207487
1563582
9458682
2405449
6953374
9509297
5537670
3250657
2979457
12234183
331751
7885516
6533393
2748655
4715667
1605651
6607928
3215070
12107674
2967338
3959387
12935720
2018042
5759686
3386581
10754194
387305
7237452
10284071
1631826
10895583
4502769
11850900
7365475
2574920
5815485
3885983
8112590
4732844
6865440
3024685
5064595
10417658
5224781
3479952
2144536
2497134
5754583
1026308
1616018
8721921
652398
1562948
6406665
6412084
616231
4172069
2466091
7853683
1467351
12753409
5760477
1636822
11615520
8792654
12867234
108917
12678637
7991035
4841761
2221989
6682422
5573059
8306350
11907203
9053011
6117588
1415547
1818804
7143896
11687057
6207427
3462996
8916708
12614092
5541782
9532939
12452864
8007874
64535
931425
3439195
1491714
11223739
10721417
10284368
11102183
10830334
5640918
1771130
11338798
3529609
8453553
3923067
11835959
7371966
8642780
4964757
4454216
6128287
7775356
3152483
12335714
6905054
12069191
11961017
12446837
4280043
7091793
7465921
4344578
8023218
6571818
5836292
1924869
4304446
11787362
38262
2145990
4439490
1809393
9151490
7969100
5929648
8741259
6816269
8968316
61952
7447729
433742
6190239
10889787
12241718
5537163
4806051
6988821
176092
12919590
11268864
7267885
7396721
11280144
10957805
9635242
4127646
12882674
950898
2926219
8587639
11752380
3032411
6063734
7915081
11001511
11993382
12323042
495693
7972908
12384994
3610124
8406651
5586443
10166613
3326281
6790309
10639366
10315102
2633103
10570167
4261879
9900989
644800
2553233
3536706
10280042
2347582
3430591
11230940
940503
7684932
9994531
3972914
759876
587524
10641128
12753258
12910566
11136821
7737376
7973473
10413647
11810729
9226618
7591470
2148220
3028137
5242046
8130025
5661241
2823423
12391904
11228932
3468224
1956347
1776848
9414968
12959421
874141
7657119
911134
8559073
329562
4884049
9318949
917086
2536387
9083417
9494354
9339910
12487496
4479037
6764767
11309435
716866
10022939
9124358
12400495
2276195
4265593
5072946
766321
12324199
11968580
12890037
9947248
9412131
9316215
9917880
10286272
12640036
10829014
1523258
12969598
2724273
10842207
9553386
927362
2603537
6058951
5933974
10757735
6204690
12698741
4745082
6921556
5399592
880650
6333262
3342490
812945
7072910
4108811
148354
1719403
12665550
10095603
11131534
4659677
7024693
8429016
4310924
531619
9952274
12947224
11911385
3472394
9511821
12838747
1742633
11237474
5783932
12500368
4453374
1160585
4256660
7041633
6560178
804013
386105
9902668
10272450
3125717
9678181
10420805
4845120
5021643
3194320
2987864
9681320
5885715
7083583
9658946
6417334
12702559
5284083
5339929
3186163
10462606
856589
595498
8711290
2307223
107076
8831366
12123300
30439
2884209
5694688
834452
11925806
11264058
6773604
2062734
3620151
4205619
2574556
4308496
3066641
5562421
1001027
8952356
8312706
6326675
11036393
8026475
7277460
12043024
6879341
4751276
8566315
7474839
9129268
10873538
3248618
4971845
10008049
3279057
3522756
11369439
12769001
2459773
5311410
6553815
189209
4598263
6426137
2763765
8906760
5159480
3992888
5574489
9778539
12305594
7567866
7826142
3009982
1856537
2547078
9889323
6607813
11113394
42074
2748292
4664844
3290692
3386839
10339595
2236451
6909595
4386947
10672154
9369368
9698357
12892672
5225279
9963322
1996721
7989045
5881292
7156201
7648635
7122483
12601442
2632142
1701560
3105496
5642124
3558097
5652575
11198149
10165910
12432671
11240223
8580904
12764217
10197618
11967743
10115023
8100771
1555251
1513180
1450838
6591321
6878239
1354720
11816601
12508263
12006933
6816856
1067468
1841046
10132193
8189951
1453699
12764335
9891511
4559195
5417669
9116310
5878472
3627028
1960133
989055
10533954
6207739
764483
3409484
853395
6546208
11510255
2408646
3726090
12961093
8999967
10604329
9982515
7827778
5790504
4667360
10311336
6857972
6508407
7454740
2059134
3628808
2896987
7617347
8188003
8314657
12400360
9733178
7608387
10027195
10722233
820253
3246144
11486716
4229737
4099539
710836
11406695
6508185
4436926
11378998
11174855
10707957
4039426
6013843
3509672
8706786
11991882
10367644
10881895
2124534
8093480
1521913
5021521
11377530
5376619
9002880
6455802
2121007
12277970
3494207
8509942
8764925
6740351
2674571
5873
10839891
3385407
11412568
25988
7822334
5469478
11200843
5541501
5175606
12881389
4717875
9549095
7551183
10752222
7442200
5342419
5856912
4630816
10363940
12901144
5674137
2044733
6368156
7795144
9989405
9862363
11971788
5765540
12269417
1657569
1438115
10120518
709679
8517385
5813208
4198715
9653566
12680754
5406918
10495874
12573353
10124794
7056179
2802448
7888226
10165082
8144867
9411840
1807108
1186719
9324195
7481245
3231452
11359053
10943091
8887559
8232627
5592791
10319802
3179956
2917063
11757917
8967176
3626742
2953215
1791594
7825457
12606781
1483558
8899077
10113865
9723613
6035081
12836747
12526061
934517
10013039
7682138
6013060
7486849
8868858
2348465
10634796
7767012
718728
4255799
3665782
4618057
9848590
9652286
3464715
8432355
4088115
12431891
12059097
7041330
1234696
2562466
2326023
11373746
11461544
8106591
3775272
174537
7954548
3312543
9764547
645499
10994682
2788817
3799050
2541452
803984
10100548
10308464
10178204
1367557
9640948
10462964
6882849
6304444
938889
2326415
10392560
381991
10052214
111802
10272179
8281383
2437826
4323837
2420839
10544417
8099109
2595376
1176877
11411653
8026625
1822376
5084247
10815442
1288128
7625699
7286128
11388676
612075
4475543
8422935
5919726
1949717
2316994
12224170
2888606
310111
5294642
11926089
10362326
5406445
9209478
5654919
3510973
544526
3742460
1066600
4310337
6337836
10898969
2733200
10031164
8388047
3484149
7857816
9676175
11109848
2155155
3742763
7388626
2297400
12165698
319562
12902609
1493902
8210434
11457917
10459506
516287
10395217
3499744
1589434
2282607
4821365
5100407
11482625
8563825
1833709
2804173
10568363
12732678
5537373
7610737
3798637
9021523
2479764
486022
2809283
301621
4228785
5864611
11254513
12061185
6184173
11168332
9221789
1405818
9637459
6692505
10577597
2710588
10192249
7833733
4993196
2024824
12934140
3487031
10588649
10434551
1957906
8168223
5845141
3161982
2790170
9643778
7850207
936636
5796502
10659490
9893749
5691989
3535312
8159472
4764384
5386187
2005716
997383
2458707
11643176
7689889
8703006
1364974
560050
3547949
2024872
2584875
12148791
1178606
8840226
5261254
3136512
12675151
11106395
6298494
11132024
7761383
1159911
7735362
569095
7486104
4640322
6261084
6688118
8466496
6692170
12074305
6138915
7689554
10199715
4793301
2390653
5913931
1824977
11606195
5128583
12505342
1202280
4288584
695158
5709209
9549839
3831670
5395570
3334146
5796867
3538804
11095530
6956778
11274167
7331327
10109584
11581191
9259114
3808912
2725599
2962494
11549920
8864514
6318750
8760845
9324517
4376105
10341478
6816197
2993511
2481271
6332749
12851283
2436558
7027907
5571702
11986397
6526279
10967273
2331753
7989848
10172779
9093985
10613329
4124858
12092015
7734123
2717259
4029041
7209738
5442859
2658237
5770868
1318583
8976988
10198415
10643101
364303
3217805
4470508
12013306
5699077
6469959
11875800
8135635
9164568
4458712
2799944
11357549
11092687
798399
6358608
3943379
5559087
12638639
8068237
329014
7383972
6452199
4358055
10260412
7561760
7016292
11697982
8880343
11659982
8907607
2201356
7690988
12125413
2338566
6715504
502402
4475227
5602514
4304739
651005
5727929
2771385
12008555
3831826
12225276
1045075
3441907
4795573
694924
11510145
5124587
3745598
640256
5149344
1017221
8202016
7832339
12715203
12749061
6503531
4300723
10617120
1205729
12092838
12955686
7921234
12595240
108826
9190450
3911189
759831
1929589
2349276
8435088
1428118
1585762
9480163
4870025
6381336
5841789
12046872
7172625
5254090
8353830
7988672
6271311
3567056
2832221
1664426
3327328
5002454
1631851
955658
6208184
735899
9578046
9796120
8997841
9686872
5997780
8575732
6113406
3594072
10925008
1559704
688892
12510771
6706570
1225619
1570019
12548359
283702
4409346
4813659
8637532
8064720
6751672
7871291
10896941
4082801
6865321
2910606
1381354
3487681
4785492
10772746
76937
1592822
6781797
5430512
3257304
11024232
7210620
6851376
8960450
8770324
7540268
4149133
11143596
8765888
1385854
6369868
4716292
1461903
6850229
9020526
9526623
9268604
12558519
3101477
362615
6435050
6012083
10399461
9922731
10797575
8183417
5666371
8057099
10631917
6763585
11314403
8667359
985415
843692
305721
5422441
4050662
121557
3577248
8483252
10162903
9947116
210754
11624806
12464047
4897983
3829342
8743861
4467712
6930819
9106476
6569465
12942902
2183850
3503406
6418389
10367267
4836479
10142190
3677096
11600064
4134505
8011157
8252181
4978197
8316879
685833
9028860
4105138
12918573
190024
1279251
5543601
400779
12904058
5018858
965464
3744610
773930
1099878
10675429
5547108
7669343
6296243
7730958
6839452
8381334
776138
11675931
5534734
4453234
10287206
9669239
12464392
5550597
10314139
3459183
1903132
2020911
7564321
1832915
2210935
8843572
7376516
11267206
4425542
12395375
12232670
3836854
8836007
8999251
10178985
1394325
3679804
3486438
9125284
6185958
7534474
5568124
4873100
8735910
5688060
10827008
1083062
5163662
3388815
11397201
4289547
958650
9084814
7520570
2791565
11295749
3375353
5834784
9574166
3467597
908071
4484748
7304452
9744078
9150701
4494647
11138403
12830506
3647788
2941599
6027674
6848964
8509723
6567476
2596085
1208994
4405694
3679147
2039358
3461212
10743050
6328906
4419862
6839074
860686
7211427
812735
12891531
8712913
10386901
12025831
9620984
10538352
6341493
6376272
6700263
6502842
4525886
2208681
5817332
3134187
3903058
12666297
11643911
10470534
10929084
8519607
1887439
10274933
10558965
1015353
3695895
12554573
5435215
10534969
9081962
8313344
11347704
4651405
4037468
4412518
3688446
669662
10617572
5696641
2712637
12984537
12199484
7238523
2204429
694728
6039412
1774189
372235
4694533
12244723
6968021
8880842
9798864
4254164
6451018
10814217
7950059
1683503
11916134
1162940
6432167
7240689
8177347
11083573
11278157
8256567
10438721
7614521
5885349
3146573
10327158
1547798
11012759
243593
3752227
11707487
6283006
1193118
7746425
6644241
449052
1725656
2536294
5914618
1646523
4654014
12395538
9596582
2004219
11322882
6426225
8436387
1241483
1614782
2197872
12519640
5538051
12636593
2812074
11423400
2794376
8805934
8637900
9473837
9049528
12390128
8192535
10999236
594456
11605662
321389
9699000
342528
11513175
11280321
10644543
11833891
10687069
7252336
849321
4687863
9345263
4952410
5929347
10960045
7150282
1126899
3509306
6798085
3938973
10599408
5259164
8411610
6248518
1744211
4472348
1316558
5603448
11138286
10566507
4220320
11459675
2943419
229551
5650763
1234950
10874094
4495864
7588721
804342
5345185
12276585
10149605
10297595
883844
3787562
4459087
2010743
2963570
6923875
1616419
574188
7849741
10028029
2489409
9593952
10167079
12461459
10864103
3983277
5705878
2095633
11109654
8649298
10980676
3771627
5550950
8865981
8267492
150882
9670323
623887
8094169
2497841
6588185
8978013
6285403
6713974
6655458
9248974
9304551
3938579
9823162
4165502
9633310
7979273
9426157
6811599
7451943
7301470
10794876
169031
5063805
4582443
4485031
3055692
8354070
10035982
11921673
3632772
5853566
4269908
12912152
9614437
6767749
2178249
1270362
64363
8892223
7925820
9313337
5207985
7531102
1814411
5040189
4175622
5460387
1477556
10987222
8579032
8779026
4460010
4414765
9509534
9042453
8899797
12565226
4407734
1613691
7164811
3707208
7467257
7101421
3630570
4092904
9535873
5808819
1029968
9600236
10367745
8955788
1591485
11242432
3498100
12061388
3293831
3340425
199687
4771388
1338857
8778719
9217116
1465569
204695
5737860
6174725
9104492
980998
6249161
6384885
3812511
9956369
863352
10913933
9253642
622958
7461016
10729163
1652926
12727954
3774820
6275416
9986141
2028462
5440219
4725441
5322294
8780644
4925129
5760384
5786203
9370550
10644202
2918474
9575245
3393273
9093199
1357649
40973
2353570
7742534
3853485
7976642
4272588
10434120
12896986
562248
573048
6304061
2215174
312212
10078882
4157293
5965055
7774046
9597512
10690496
107550
1056068
11282327
1534636
6842271
7664088
12178839
5427447
12906035
11238814
1531857
9930387
11279787
12540919
4684131
10799974
3195473
4623422
8245304
11759161
5185670
8818352
5074433
3067547
4797266
2164525
7224840
6429023
9938571
12489054
4130730
5712824
9211824
11079759
7247460
11720797
1421759
2104211
4159454
1339005
354235
5691311
11269392
11634023
910143
11620225
9445207
4105616
3254857
368424
2875988
4107230
9186776
3617123
7174777
9650745
1448350
1410827
3090978
7053623
9566583
2888410
12766447
5789617
9634872
2691820
4521624
11056631
4796031
8681078
8062338
816969
10039092
6342940
12450992
10949235
641078
4574111
10721553
3895935
4942535
9264243
8003165
9796014
12881366
10844644
2124671
1340926
7922173
882351
8394550
4499966
3770762
3838909
5956285
416844
6530729
10477909
7140177
6993463
1836900
2213726
3477134
11875992
4223368
2939336
5503139
4864446
3180149
11891394
4427084
3789387
8166848
8096951
9252103
8059424
5952806
7043476
9400351
886189
7925827
472813
1052858
7363291
4311722
7009143
3446837
6509154
164965
10587015
9169319
2001865
8467443
12646453
9544559
12690811
11252491
10714400
4566468
10099342
9617004
4660254
899939
4795062
12757205
5818744
8521189
1387923
12862220
599452
2274113
7799258
1072265
11982463
2173759
1050689
1669518
5620597
7559843
1834483
11874314
12395864
12491840
7352967
7720229
4714311
2721690
5983930
2439921
2954860
3094483
7723628
7615114
12649914
8185392
7383530
1146571
3717791
8771453
1020001
4317243
6712268
4485961
1056210
1372643
2326423
2106900
3042162
3613722
5333445
543347
2499246
407222
46398
5518915
8127451
427411
8240605
9778084
11522825
11195466
8539269
6257663
1488492
8200393
1454265
8872022
9346964
5172057
321388
6033668
5156002
2700358
10519629
6212213
4073002
8512754
3985815
2781866
12126476
4985962
3325213
10292424
5393184
12027103
11478041
531846
12454515
6729857
10309930
6655252
603235
5860409
12912915
2091727
9727504
10033882
6630452
1752381
10872641
2618542
7786049
3039854
5318900
983590
4918769
5058604
9496345
8904584
3507172
4300733
901756
2499088
1604368
1961643
1537401
93619
11148981
9658618
2490178
8470121
3325080
11748905
9997232
11904697
851843
2402648
8949790
7482295
4155029
6833641
5767539
7607780
9873495
11086439
4258073
10458966
11811746
765628
2041462
2330128
733063
11598711
495918
10992923
571564
2033320
6753245
11720545
7358640
9243423
2868578
6350423
8003539
8532512
5266330
4522084
10935160
1227330
7671081
2101400
3727674
449830
5375882
9267871
7202971
9633955
6738048
6025927
6066285
8779510
4022758
6799349
7389431
4518676
4803482
3627697
2218698
11556727
2359452
5244041
3478063
894732
11594464
7148304
9427244
3872004
11670388
7373615
766037
2019381
5141717
4493711
2469211
10517599
9428284
9672182
7162765
11833034
11364812
8895752
3290457
11054272
2706311
10679888
11239650
3176496
9974288
9125051
1744433
8000442
1380302
889198
8895175
12974766
3704204
5333629
12513472
11041294
12707244
290719
71885
526873
451132
2541096
11044473
5546119
7879981
885150
4390363
1922705
9780902
7680820
8643679
8153916
1038621
2561241
11330412
11012909
11686292
8741547
6024561
77804
5297448
10586438
8719272
9001652
2931278
8243955
7054157
11305224
8534674
7126042
11832098
4652509
5333841
5554483
10198628
8880524
2106335
1600201
6469931
7553939
9281022
2124820
2719065
5986345
4686061
9716179
4010464
12039056
1135639
5701727
12116860
6433087
3299376
7847343
2445949
6230654
11758000
9500106
213790
7303884
12292851
7712590
7623095
304604
8933775
499635
9185128
11040110
2099837
2666269
1271962
7047561
457791
12646519
8700608
810554
9373909
12711072
12849610
6176250
1090711
11977681
12609337
4390087
2502936
2066496
6287443
1272146
7233305
6501234
4242732
2204068
9880526
7532530
2508672
5825512
8032165
11693800
3876832
5798704
10026771
815496
12846265
10484562
473226
8558083
11295116
5513837
3947067
11155937
11690087
5037779
5811530
11310634
5094568
3981168
9043832
11382012
5253314
11943839
561158
5162748
1159117
10441684
12695278
3667789
3278406
7738654
11028291
2821941
548568
8066272
12292929
9061536
1228746
12766155
297531
8190565
5291202
4244599
2024414
12647991
4949080
7835944
6636537
10043648
11817112
2691580
4103572
12737128
10302121
4664730
4911086
11461239
10773117
4617575
10795730
9718225
8022931
8835232
8206868
8571499
12568206
7511008
4644245
9463655
2955075
608479
4665430
3912980
519780
2356546
3572181
5468860
10192490
10208719
11179210
4687514
8567001
10949485
102554
5880332
11280917
5013640
4352781
9065244
5297917
10815214
1461382
332058
2328358
9668250
4570260
10563266
4190468
4881207
7038131
7145544
5489686
7370263
11058524
6009466
9726809
10297407
7145028
2597211
7517336
1002151
2951427
3095547
11951636
3053981
8975880
10243763
3734324
8995363
1986920
9032241
2488489
3448302
5031002
4816847
127762
9601262
2391324
12973723
10149171
5096157
2797179
2650068
8133123
9522405
4326236
537844
6831022
11471265
11790548
10015061
12473416
10408677
8777310
7102964
473869
431102
4357937
12863685
5093168
6344857
4573838
7581657
5459861
5271542
8065207
5587624
1884014
10456531
1239259
7699888
11219390
12691930
10349956
2030425
9225545
10342894
2568270
11723269
8825369
10025520
4416242
3976697
7445407
204763
6746363
3585978
9291357
11104301
3460873
1395735
127070
8034712
8977393
1253634
317464
4053810
6841258
10856971
10177043
3747219
5568069
4074345
12105851
11584727
6104771
4009308
8938831
8673041
2743787
442113
1376473
2826732
85512
8821880
11686987
6831876
12407859
7989554
614089
2879942
9385290
9396651
6581356
5373893
10650285
2565523
5094405
169455
9089196
10938150
12572166
10323967
2023705
11689227
4586606
8128476
2709745
9192139
12468219
1120235
9634252
855902
3946967
5386467
9677783
2645164
7885045
4763554
10634718
4165836
7643496
2697920
9229189
9891555
3738515
2557387
12457078
8832920
2726842
4224186
6782280
10965711
1559363
8805986
9666148
6145969
12601164
8042596
2349318
12080594
9162831
7650273
8603198
8776500
47950
5292191
7088366
3599697
5722447
4734294
3432235
377154
3098917
12661424
5935411
6837432
2230021
1070401
11337055
623566
5294587
797247
11589277
6853950
5269935
3933337
11129
4882310
11975933
11015939
12629606
3816676
5677422
8244014
12593176
1392074
9202908
6692752
4991771
1936565
7093749
8424006
10969211
10192666
3763343
3915832
12696800
5993364
4986233
11045065
2283632
5947522
7509015
9539611
12801472
12778950
484159
8479303
4672470
8126794
6506453
12968778
11943471
12183875
8224003
7214559
587160
104823
918522
1245633
10696880
3678973
5336342
8677302
9538341
9099685
8259836
9246351
10759751
8912772
2969329
54594
1871504
10478344
5260907
10339679
10268504
5745066
5830192
10607677
9538563
12336645
6254367
8493244
11531731
10145072
11374505
7785593
10249895
7959729
9031226
7957986
11638702
1378778
12301990
8188253
6145165
3239738
112517
3916127
12152510
3081846
12626213
9690717
9226892
4898330
7041606
2173308
6310099
12871798
12780985
2859872
7886356
6046563
7019818
2095999
3202845
5405533
9881592
9119443
376473
1590730
12744131
7681877
2969509
7724033
2881341
9114674
10963771
11649350
8697503
5794194
10397898
8334926
2496121
6636000
8899959
9537727
8809308
2221268
5087437
4268206
747842
12973793
5981471
7767660
2081002
9184316
8839895
11962594
981671
9216368
564535
737012
12564948
12189536
4127747
11112991
3982122
2102729
9773551
8346328
7896923
7182659
12347956
10393044
829869
8259125
2608683
5305879
6147095
7696120
9574085
6894937
7681124
2566766
1673807
5428828
7417785
10513703
4402633
8399456
2407983
633870
4803171
10639633
8490108
8930918
8763834
12472230
6700349
5548595
3496470
1608482
12731254
2855637
7668228
9227825
11114762
10276911
1544915
4273068
650944
6785702
11168005
3998770
9352469
8508515
9427598
3781464
1700130
9496933
7847622
12763605
10130803
8317495
10414449
1298823
4259624
6189493
9437756
6626675
11738089
12934226
8235158
7147255
2801073
11570088
12041783
927046
8858210
9253400
866816
5175856
3050312
7701523
9174626
12402781
3221248
5613434
11850947
588080
2121578
6709780
362896
7919083
10693977
10777345
9217907
10620303
12633540
5666873
4258189
7049541
5612309
8160049
9863499
8413383
6741347
8916492
5007131
2610767
5181102
1540649
3453325
3898116
9242172
12627951
3312108
8130123
5252596
2174265
4384905
3040876
4550747
4747801
10959959
2255935
11191848
7189076
8542940
6503301
12855949
12801129
564052
1146171
7972388
10427551
5226256
1724946
2021955
10233387
2415
2869759
7440738
3455741
6767876
12349612
3094902
10079984
3157647
4014200
7920951
7542553
7055076
8138401
7957056
692948
6061038
1826817
7882024
1615188
8330118
3415886
10083020
4560872
4562057
5066618
1999634
9788313
6791564
12677081
2699612
2460682
2558051
5807052
5916423
9325927
5167874
4678027
2083823
8325522
4358930
10004774
11534777
11414006
821087
2169745
12106954
6882125
3996562
2666891
4164016
7993382
1749479
1258246
12554255
6311536
6324864
10220591
11766551
8783131
9908882
10132865
6910515
12466933
2951127
8493640
8804070
8119001
182877
10887893
12111225
4541807
3570580
6323914
11622516
4391667
8493660
6407382
6940495
8156924
4740975
11104511
3161517
6490454
8029459
2726982
8468692
10021025
12947573
7246453
5815366
9867665
57230
8392583
9345809
3008357
3897433
827791
6794061
4080311
7382387
1583198
4288820
10952967
7907113
11578038
2355844
12067475
663333
4963041
7235609
5404308
11734254
10397126
11894763
6774923
8790810
7374665
3807159
8749593
10287821
5289227
1295171
10345051
693021
6307682
364619
257156
7135473
2825382
4169
1529070
4408580
4292990
8148739
7982395
11537730
6171286
7061080
12201063
11134327
1307900
4616582
9879792
7371728
12178047
12321417
3173749
6563922
11795278
11923342
3862953
4095716
8885215
9874707
455439
2204107
5906028
712595
5006283
8731410
716765
6535353
8806692
676457
10350795
3800298
12214187
3533291
6528080
7093163
1678828
3502682
11709745
7225322
10874411
10899002
6557950
1059370
140836
5364438
8649414
12659282
5126856
212542
9545199
1248997
2416649
2462437
10617085
7422932
6860549
7000552
9624988
2678451
7677009
6986993
2145451
2569108
6186986
4340234
5328973
7865814
7842916
4049928
10757839
1395239
10615632
4326999
11110101
6423171
5358139
6770726
1760365
6151698
2649970
11305564
7400695
5066619
9434703
695692
8156254
11961954
7696244
459154
10307107
11039955
3112849
8119261
9275766
9299835
12459495
1615949
12832351
2980323
1332580
10601400
4375563
7614914
10595101
11152366
1049295
2964451
601004
2809660
4782851
3250974
9781926
7850248
8317594
1894541
8545941
12140550
9523197
3253395
8266406
6841515
1304561
11379255
10627478
6247029
3357002
5764885
7862978
3200563
8745208
9195558
9468666
8787473
3821683
7074977
6951050
537680
5706130
7552054
12002833
10488981
10803029
4462671
5350440
1798535
2023915
9563083
9605787
11547112
12816478
4883403
1066539
9787741
11929360
11694017
3045980
10953064
4470112
6575661
9820329
8882023
2782429
6300205
4680706
2270814
386393
7298458
11463987
1759225
10517215
10478030
12248207
3998156
1951911
276559
5796691
3975826
9839642
11069180
11189641
5334032
11619285
12256180
10788476
10559855
6628110
9501158
4190831
11098222
3088029
1022370
2658157
1537161
7322576
7338864
12463467
3375671
10304024
10938664
5134896
7832449
4094606
61015
11830605
6046518
8993066
305208
5689046
1510620
7041090
3889897
6844653
5671585
11812780
311041
11898142
5452100
5478901
3100183
12217024
4233633
12778046
1886392
1437496
7111832
4891958
912173
6154205
2207192
7517540
11289101
5706344
11612146
7016819
214861
336576
3021095
9175562
6025623
4531716
3227862
5582222
7043071
8899448
72914
7354112
3475502
5525014
8499715
2242388
419951
12733348
2031644
2306343
1182054
9143476
7198301
2094228
10964383
5072195
5278470
9264694
6445241
3901826
3292723
6660103
4238403
1980521
11502367
5930728
6512237
1741439
7179652
566518
6307589
7252567
3587332
9783092
8444283
12087047
7692182
8864234
11831606
9723826
11170577
8680362
1545214
1046790
6441292
12509597
1785688
11719762
4452203
3897631
2632799
7744927
10557734
2537904
9725448
9071311
4135334
11904387
6479453
11314986
8137607
12787042
1245465
11724939
5248046
9689749
6489898
12940228
5565193
999416
9675264
12402473
9679779
6887180
9115965
3132281
6407987
6568355
1863254
10860191
10465987
162755
1283030
8034931
2700659
6675180
12772945
6835993
5590777
1930310
828891
739594
1728562
2074357
8131235
2643311
11764106
1632343
11250241
7211
11287252
3603418
12409684
7978241
10490598
4203562
6777224
3909796
10771917
4307180
10436689
8249114
4469935
7386421
11950748
2837296
1072811
7401605
9673289
2330290
9331915
10502181
11725376
6727179
8243240
2534523
5037192
7018556
4166866
3298644
7025767
11120820
6902062
2113364
1776973
4403870
1983628
8554198
3980368
12755545
12861378
10083759
3682572
9226
4481390
2644530
2846522
1220903
5712837
12519812
3551193
2055962
5699905
10943271
4449843
954355
489004
9487036
3639613
322573
12785680
6332082
11443393
6698952
4112148
231577
6769524
6095776
4452477
10749893
1529234
4325065
7844862
5211806
4334291
12326253
3523038
2847516
9213858
9235875
2378538
12765052
6958539
3745145
6386235
11408382
366202
6875240
3573330
4005815
7197813
3370220
6004599
1319118
5735874
10116748
1550695
12505399
3223734
1669874
5933204
419670
1661642
789276
5631476
5995933
8782231
4821216
4510151
5007300
1068301
6888689
450264
3693542
6300536
6836499
2113135
6666738
9378441
5686465
6339255
3587464
4723388
12343855
573285
10459262
9471813
10779472
5642573
8362249
12449347
11575777
4448622
1122199
8031756
5746800
2784834
3825197
10568017
7294986
4499199
7303020
9850377
616165
10996563
3162124
7452665
120908
5495564
12497808
1474075
7501522
3096483
6197463
2523289
12325260
12323428
11995102
10115942
643913
3035263
9576499
12219691
7483885
10698698
7262657
241896
494743
6754556
6476615
3456431
6920458
790845
318018
7536623
11787408
12135634
10655990
7575018
309111
10165009
9049094
7810633
8928194
10913259
10333922
8264664
5914599
5006936
5391816
6558513
3708901
10635018
1456116
6859489
8344926
8718773
2768087
4506371
11140031
9244702
3629504
5071699
5702249
3947523
12608323
4500868
11749859
5942225
7742588
12058970
3118444
12458384
2547515
7713340
6049556
8548139
2989214
11964155
9221777
4047733
1200580
12930679
1693961
2656696
2468080
5705589
7042171
5236167
5878663
860115
10147571
9508167
5931814
2861030
9122392
1218049
3028600
7883462
2826977
10771189
2620344
5945421
10240783
5167860
9325464
3301549
9382701
12314678
10932407
5615689
12029113
7799689
1224280
734284
10456386
12347852
2106576
176469
4595229
7985239
1036584
10409502
4504616
2635101
281742
638219
3853150
3310343
8521681
6680127
9748234
6808727
8292251
7000227
7643289
4628925
5968479
4037201
12610305
12567588
5319592
7317331
7378487
2210574
3718317
512785
1569636
5824893
689255
1831567
821342
10381331
12241069
5325959
27642
8189513
1630880
12536285
11499856
5819263
1894324
8259300
12627990
10186575
10926230
7282490
10482202
12561411
6986393
5770420
12140209
7972687
98961
2196608
10183261
3817278
2709394
7419599
5308874
3398649
9251166
6130216
791190
4170147
7122877
9474325
12359660
8753757
9021820
6537429
10239722
10916144
10463431
9878923
8113930
4067573
12828115
1274044
3640194
6825718
2711166
11447105
1809615
11465619
654924
7659578
10949600
3364318
2090387
3269684
2429669
7008255
9399900
11876351
6845104
12189480
8361886
6215974
3621149
4394916
12753403
872082
2322271
5894747
10751005
6102903
9962320
10590330
7376947
9269217
4427258
5754816
7727532
1903575
4231645
4049158
9563153
2192455
7413476
7320242
5462139
5509847
9995199
10528742
4397409
3851513
5396134
12759295
10067487
9017283
4165422
5498803
9889365
2154395
7060252
7651580
8257298
4033782
919822
11300947
314209
1013782
4066973
3708444
2917357
3965321
7757602
8147212
6157776
10837781
11134156
7286618
3358838
8140565
493272
7756247
11992078
5889406
3193455
4737478
1917899
3025579
5902983
11807265
5179974
12963235
2136757
9103974
12663719
3056580
7416131
8644631
4070362
7149807
12353075
2654422
11115128
2788589
6468336
12939606
637580
4613703
2904136
3996419
12754268
12052900
7419368
7424259
620218
6279525
12161737
2538118
9305104
742632
10012085
10151780
717077
7815544
6266964
9047498
10872124
9349798
4703339
10609189
3510815
4067624
8930313
10292645
6856214
2409859
5910163
3160496
7023562
4481002
2823617
2455743
3545112
10242986
9880002
4165331
12189213
4719651
2370151
8505528
5462283
8048938
1335220
1846062
2875692
7602185
10893560
9414519
3963193
2608110
2701620
3140710
2342436
11631933
9100057
4865352
9708494
2021430
8025849
12398759
6502432
10849466
1865712
5714247
3770364
7412416
5546280
11626280
12132067
3583133
2809720
4605560
11632071
4144940
6451622
10174465
11747125
23094
2266896
11377020
11286696
635218
10184432
9295835
12267151
6295699
1172397
4653558
8317130
4864948
4063527
10486264
11381117
1595941
11867213
10818183
9008357
91405
9455673
3818336
3674538
12265393
8423896
10973311
12077036
10542220
3825689
10835371
6232016
6092585
4890304
4529923
6727804
2085946
836968
1672867
8381646
10664857
1993127
12365478
2541016
6056654
5529654
9588835
3319297
4408078
3084930
7994356
4499483
12540604
11812692
3840724
7483909
7247798
1825245
6572155
467930
5650934
85439
6699947
7410222
642445
11229870
9804728
2728391
7733540
11477595
6776739
5409607
481933
1820129
3617325
2205289
7349784
217370
1191289
7424564
3302301
9185645
7590749
11509607
8009548
11431473
6004726
10924048
8923421
8243584
7058681
10241057
8329023
769838
329191
8971468
7666410
10133919
7366561
11066652
4289427
9810003
3487469
4771360
11630132
7104795
2643351
1657828
2988867
12490132
4749094
1957870
8686988
8006546
478687
12363238
2115931
2150116
5965198
11039352
6060402
35089
3958322
10056127
9460419
4287513
1705507
4138039
1432643
9072068
2215901
5722070
1559983
1370073
6160132
201326
4141570
4470185
10514646
7130437
3971528
10930443
4755010
8325218
5948199
5233697
7699666
8064130
3050515
676074
1781395
9110917
711164
1406419
1844956
10171583
5693932
3550463
9976325
2793277
12622532
7858928
4182049
1193725
9229001
10342181
10050543
9037273
10479069
3243102
3178921
10117299
9840247
7933931
5453727
2799656
8834330
164603
6530488
7551548
9496169
3978585
12329167
5874035
5385004
1185334
11712321
6745639
4735797
4366558
5205618
36241
12225486
9387668
9885459
4132400
2407761
2613914
180883
12886830
5857016
12015296
10015339
11363965
2627139
11135768
1174831
7128172
11300371
3372022
1690930
3474453
3017309
1031307
9348488
4069016
10872133
3738721
10814655
2619141
8105279
3031483
11310874
3008678
8085853
8207543
2807780
10493615
10821458
2988663
10391655
12345176
10670662
3084907
10720352
309011
1231885
7561885
7437183
8198959
6600609
4794815
7340114
9617919
1492825
3699812
9353637
12364958
3105236
2846204
10650801
11210515
5877687
8972886
9885895
9630243
12847131
12693675
7135068
6346501
11349041
204635
5702888
9030913
3289542
12089942
9339924
188130
6663037
12443810
4053791
8930349
4249835
11393905
1226180
1409362
10760419
10579817
785531
876865
437231
7103034
7754083
1981620
11742622
4651188
11611863
11600964
22776
5758141
4958675
11371817
5962777
6328265
7413940
4919021
5429417
12420566
5107151
7759157
7542288
4827644
3700716
11792124
3232759
593598
8868188
1004389
11173415
5320421
1881254
11610646
12423456
9635337
603476
11177288
9953228
12215340
5456164
9976004
651393
6081542
8359031
6614170
12409807
11439673
7199894
517137
10871449
7973747
3942996
5424948
12801392
3310414
12883774
3045361
3904012
8763172
4049750
2088637
1094804
1597707
9365985
9184962
6899746
5636163
3040162
12519676
4862713
8496327
9506890
1180809
10244571
543833
3461681
5332290
11983506
10661575
5849427
5532868
1313235
5459125
6624518
1125837
8769539
6519502
12826690
8340253
10949376
3887651
10428890
7710882
1152060
2472787
12562546
8051806
8108951
2613919
7582693
8638366
6776948
12756285
9819175
4032729
8966821
292067
9365019
3628239
10953642
10881149
9161107
12266877
3351484
2796835
9059416
7787726
4983039
8897317
3139189
11599118
8451670
579290
1987912
9603730
11707569
1561669
333448
6827730
4175588
3582843
2477307
6619238
12005831
12296482
10651967
7983862
12588549
2694898
11612101
6220104
587257
3451121
1164893
12594234
1914658
10224310
7393170
2564400
1799539
10532359
1174728
10251209
6778351
11818132
2532851
5497131
391011
11521791
12324861
233301
2115845
1813378
2519241
1132886
9776563
182418
4783450
5043024
2877317
3406761
11263128
12120066
2524584
8094724
11725510
4439243
996946
6129890
7003643
2796485
12328952
3845073
8714396
6118513
2674415
6913949
7282346
11720919
5446950
6618418
7620922
3229497
4098498
10140164
29085
886271
5989284
4812535
1595998
8866601
3885999
12859126
3664580
6410583
7965060
2401300
10849826
8962006
4197893
531381
7425193
3538055
4376454
11806291
9656568
2717572
5731450
3950125
10105193
11178401
6235245
404027
10074600
6000445
10544191
10103686
2553419
3544686
10582923
4149417
8077989
1480132
4019753
11742569
3557418
7651516
9810572
10073946
12280224
1019675
10605328
2383330
4557730
10648484
1200831
1225508
9032758
6932282
842335
6149161
788595
2744282
6553189
10863195
8744728
12764082
3644793
11298147
11975470
9894419
2458774
7064670
11374551
2145229
1485151
10598671
9796745
11295723
7683828
4754882
7982100
967068
7138212
12539830
11615552
8339043
9432041
3326223
2282535
5941078
5142086
11726622
8685361
7361977
5267730
4441299
7137270
8912523
2750656
6123950
5818152
5209430
8855322
12859406
7354659
6007176
6135989
12818107
12969601
831027
4584199
7962912
1798095
11722411
7513952
9080350
2739366
12612695
8073275
688604
5564984
226571
12415226
1261555
7588549
4694166
5702854
10392521
9273392
4120212
12183173
10758246
4996344
8049706
6295564
12351003
9723584
12431554
7847022
9704395
273791
12431221
345219
10727379
6831544
3525874
2485641
5237613
3149779
10558916
5926217
4381465
10785487
1019355
5643020
1051948
1380224
7012576
11444469
10653616
6799490
10638853
4089774
11795834
1366471
10385339
6824750
11090055
9828103
1682982
3472362
5768596
9780906
3817582
12162677
12279152
7343456
1659528
4527975
10493235
12218444
6120894
1885911
5681844
7140250
3195633
6733792
8520474
5874912
856174
1852002
12674402
11495027
5941776
11481447
12861498
3338325
5317407
6629465
8833130
7000389
10101827
10268429
12447997
930619
9442316
11738360
8274075
6768547
11933037
1445223
1664903
5065142
11986626
3013449
12205392
10848961
9747242
3403778
3735083
6270118
5255780
3420696
4776355
11197556
1913353
315765
10202584
2897462
6945230
1713626
5564553
12713759
11982055
5023761
655589
4102284
3773331
4596366
6537533
2717578
1708291
8202436
3449422
9361619
11215886
11321516
7221791
3641040
1736504
10956874
9911158
6992284
10044272
10354215
867753
7624327
6336682
11070337
10521789
8948614
8450665
3097553
8673583
3110633
3788016
4995874
7212917
3228049
5258943
761660
1612329
2633936
4630798
5061752
11995556
2857894
3394478
1895259
2165636
797685
8518835
7743496
7789969
5574318
5108921
4324424
8865347
7112305
11061463
6398347
3072129
6523339
5162602
7412415
9633972
8950618
12408289
12513591
7845369
345144
286461
9457698
2979081
583961
1530660
10641339
12097348
591841
12536598
1274194
1389526
8066643
9017691
4846197
9307663
9793314
9170622
5184221
3916830
7243295
7249270
2655661
777844
12411872
10068076
6078518
4040402
9487576
5603319
11885771
9832720
1556482
4021381
8478503
2140444
5552042
6131052
1249002
1810585
5678860
11178688
3200111
9412206
7207589
8046308
5731079
12667606
4228140
6582002
3595646
11471436
842482
6251307
7915982
8921056
3330594
9661203
8628160
8484872
2275732
3191843
995504
12487707
7213225
9474008
1639361
8431969
11271762
11543855
10242554
12617325
9733753
453875
4707443
12608045
8500183
10438522
12286861
8395026
12687227
11549209
2544374
540919
478428
6127058
9461976
3809022
2799471
5101346
7960596
741906
8293190
4622803
240823
11173117
9763513
10535676
6616296
8046485
9090741
3870060
3341722
1502406
4323935
8049165
1121661
8490820
1165600
9075224
3897056
864037
7635643
2108132
1404956
8114072
8235191
10866932
7589796
11034662
11634981
11217095
11776568
2606083
2851108
7684093
790410
12614621
5230979
7406706
7672316
1332930
11276766
11014039
11490829
11267403
6074414
12612490
2436135
7240014
4365627
1999894
8104051
12001270
4108026
5175710
2793254
12343217
11709344
10383051
6055792
10355535
4278058
510272
8628320
7129166
8194366
9418730
6754997
9092047
12492138
1438523
10424978
6446816
8119264
8927017
4725429
9860381
4217419
7161565
12767097
8583046
9161459
3549061
3262229
8936187
8724771
1722185
3957317
3112027
7771938
10013109
9134265
12049996
6190083
4773795
6190372
10051151
9859228
12945369
6154409
9362576
10050595
12246089
2820603
5181069
3851018
3212734
10708152
3735139
6041001
10486460
7984888
10869162
9702223
11247117
6816560
1104906
8636004
10773877
4216933
3419153
3464898
362408
2480359
5321683
5136204
8670732
11039537
10662134
8627311
12860648
2702622
5689116
12117947
1189927
6536888
11635667
4402662
4256250
2382016
6110365
10409412
6033606
12646230
2789547
12947425
6474000
3894453
8594640
12914579
8111387
12013793
12046179
8473795
1505362
45774
9276701
10176094
11085311
2616747
1481318
10957169
5319370
2837136
5753028
6509297
5040726
66607
10911959
4963679
2448624
12689027
11039793
4148932
12346467
840551
4107568
1498379
4735004
12702208
10079660
12846391
7393913
9137049
3998099
8899275
4849525
8941502
1753282
2946047
11558250
11890092
9569918
3888830
1738438
2334157
6064829
2445867
2400764
12643491
7409546
516090
12343728
5460549
331725
11701405
6301100
4439293
8866486
11036105
12808203
5957356
6560408
7213326
10761107
6225209
11779303
2621842
10833414
543795
1234591
5069576
8100589
10804510
4625108
5505730
8805369
10689937
7951597
6872835
10344638
2372353
3055628
5366278
3499604
3387353
12734385
9800705
3493348
8612081
3514722
3312761
1580647
5741832
6192789
8008456
7633744
4983302
6297001
1145070
1193800
7531592
6214646
4961091
1014014
10839754
10466821
5486085
4207603
5429628
8025623
10218944
3468683
6747953
2596432
6968288
5802008
2342028
12435695
9295356
10954109
2961627
8274819
8201459
4370161
10134310
11876617
12003905
10784314
5184828
160185
11978114
8383123
2041533
3950416
5063839
8547989
10083939
10549925
12755593
2524778
1253460
9985747
1660163
8001413
12582179
8628451
9470123
10590909
3742058
1443391
8556229
2370387
5384912
12424390
6740549
2530432
11312217
1422366
325956
3508256
10238044
7970773
11891379
12279577
7587891
3966428
3505479
4683040
10183055
3272282
2874520
7103217
8924731
201386
10771332
4184822
8829837
7252665
1786942
8238598
8696056
6009873
10608985
1092178
5445473
4360744
12278102
3768900
1449813
12604059
2943858
11687857
3252744
10501939
6645346
6507337
10135070
5817527
11190377
7329335
4756511
9731600
10099255
692452
9932986
7881797
543977
1440735
2145673
10986411
9679333
6508431
4007494
7299529
3267312
5119669
7326975
2556624
4555271
4443490
10827385
7499130
11798049
9746831
5012279
5454606
3265378
2158559
6938835
10122458
5154597
11695347
6865268
10920554
12387799
12464956
5813561
8598478
9572393
3625936
6596099
6262937
10134368
6270295
9229168
412890
7056666
12222845
11625006
11611938
3677546
9463602
6122278
2486805
1888345
6801259
3608113
5153724
4626521
10546949
2287392
5447820
9253506
4819362
3379584
4319217
4295528
9193145
8584398
879131
12819082
2191707
2808770
5631362
4128705
7704640
1710954
11185371
6938696
9002662
9808519
6282944
1144176
11597499
8769749
3032522
5409969
12377863
8186246
5703192
5602724
6140340
11151012
1867440
10959702
1541806
1853359
10921932
6401653
10437757
7467765
1898647
8296167
10276536
3196711
12424872
659088
4907665
6288155
7597784
9577030
11763377
891938
10721206
10372086
5328390
764938
11448757
384165
8951184
4163159
5986889
2102734
10980873
3521031
8729138
8189381
5374390
6662280
1602245
11478850
1141256
12156384
6786227
7084494
2364306
1889011
7743582
2938673
8177166
11008069
12515703
2618455
7566709
10248120
1752
12895099
11013058
7117211
290474
2642155
6947073
1944065
411591
4939156
5465096
4807432
139748
6506189
11469712
10397485
4996249
8277670
9565079
11782476
2373374
11929385
682697
5783659
10534761
4526565
12458430
10061674
7145021
7036349
2987706
2813475
2609361
1011975
9930686
2899835
12309622
12544461
510603
8387915
4494828
5975699
206557
301278
12481888
7342972
10698763
4489347
2631852
2941754
11938525
671929
1882350
8287924
2122290
12417111
12814490
1591930
5156697
2637423
8628279
8144404
5450898
6904342
4823081
11048286
5470880
12799405
10603958
5981483
8198530
10765488
11957182
4071790
11066766
7116983
11414762
4443441
7273032
9713316
7385195
6222768
10385245
4934247
10177394
12507535
29270
10003094
1110675
5185968
8307219
5405657
8997074
9424819
7976701
831365
7484316
458791
641980
766186
6440274
4507212
7198376
5408667
4245704
943054
8192352
2671676
5386495
2476594
12384993
8438392
4366064
5448150
383850
10210161
4966896
413120
7224465
1744273
1265790
11198387
2816632
10262864
7634416
10793334
11094229
10785434
11252125
7402911
7218322
370312
7576826
1427908
5778979
11822530
2370962
9638033
1505417
3424159
7781329
9557112
11862552
12147394
2016472
12246402
9368765
2650070
8326224
12259932
61046
9592015
6136231
11533170
6866089
781858
9337714
638231
7233994
3267752
8041142
1463527
3638064
2629178
11546927
5083745
1462919
9584592
10388480
11623828
19961
5181019
3858852
7549215
6325
5875324
6806827
5041792
4192097
10799754
12968427
4253143
7402979
6115868
2797523
9935770
2564428
7801940
10574001
9798423
6736394
5626354
6928652
6041160
3922234
1153491
6791607
1051855
6404785
4191297
12675683
2091449
9372316
3545745
9640664
9378642
5087772
12114194
10087136
9279869
9925158
10066773
9199714
6049
3193852
7663939
9941819
1424982
11132581
7527031
11223405
4880185
8820087
829969
6588047
12742321
10638953
390864
9460879
4054948
4582161
9147772
6146397
9621180
8360220
11453764
1677734
9114694
10579168
11764870
1072475
3182238
8842854
5938891
3188287
7703408
614040
141316
9128390
11746622
7668347
3029708
12293509
3499644
12515169
5892767
11908668
5832034
1950333
8380757
9886983
6532495
206441
11700082
11820377
4233363
5831758
9164813
359267
3422136
7940893
10087234
2271076
12450449
3037335
5459363
2831769
3651376
5600680
11960160
11064700
280237
10656570
6036121
12435374
10182949
11928888
7021954
11681686
890432
2413921
4246581
3089629
2620362
2957873
10576708
6853726
4456334
6752731
2879695
7878470
10360326
12966930
10149547
9821986
3015475
11275612
8320457
2333553
3887502
2958529
9064955
12823232
626309
2112287
7936518
6475961
1052385
1969682
5168857
10598309
4383603
9415438
9354640
2670667
8040013
6942558
5191095
12496347
706499
3737493
3052730
11066826
3715633
8868979
3566724
2397810
7155801
11887181
398066
6710006
1856921
9463021
6544448
11138722
7242010
1492176
4625893
3961098
12117350
5461452
1570617
3512163
1888100
10925258
1849532
5594816
545728
7040628
769075
1252228
6444823
3821805
12319054
10160456
8357486
11552480
8224968
2524498
10450871
4289736
9234504
12307792
763968
11445654
10457725
3672680
8604532
10750320
7633778
7733092
3222983
4871098
6911957
777785
11463058
8761489
2039303
12008786
11468819
2808379
272224
4924852
6630184
8257980
10752010
1998881
2488372
5988189
190081
12939244
5944627
5091287
7924948
2375297
3548151
1060585
6047978
12152683
11810906
692966
6896985
10700591
1230766
820152
7145078
12693824
5248343
9184382
11713821
3728373
11992761
7652747
8653225
1300857
11577430
2083148
11955230
1077012
3738039
7812013
9682958
9682666
12903300
4619117
12057964
3462661
5679702
5117152
11282046
168520
1476820
856943
6535813
2707587
1677095
9347594
2412621
6925439
5543186
9793144
6320514
213859
123804
10640441
1514716
11701234
12723589
9136649
8444948
3472838
3959872
5139117
8822207
12529875
9758234
7891381
3003746
11104638
8675235
9952495
6939861
10152055
10809438
9142376
8526344
8153236
5501180
10938966
10745377
11044366
3410022
4077101
6924927
3533826
10384244
8439644
10901762
10119044
254205
6357921
9258584
4214077
11497038
758703
12410654
3933184
8650084
11081103
2049032
3231
8044808
4655595
5821989
1532158
809182
1359543
9685394
6310362
7965211
7441981
32641
11375234
7185784
6957568
10575762
4581239
11063914
8488735
